[1, 2, 3, 3, 5, 4, 5, 5, 6, 6, 7, 8, 9, 10, 11, 12, 13, 14, 15, 16, 17]
Itens - P [0, 1, 2, 3, 4, 5, 6, 7, 8, 9, 10, 11, 12, 13, 14, 15, 16, 17, 18, 19, 20, 21, 22, 23, 24, 25, 26, 27, 28, 29, 30, 31, 32, 33, 34, 35, 36, 37, 38, 39, 40, 41, 42, 43, 44, 45, 46, 47, 48, 49, 50, 51, 52, 53, 54, 55, 56, 57, 58, 59, 60, 61, 62, 63, 64, 65, 66, 67, 68, 69, 70, 71, 72, 73, 74, 75, 76, 77, 78, 79, 80, 81, 82, 83, 84, 85, 86, 87, 88, 89, 90, 91, 92, 93, 94, 95, 96, 97, 98, 99, 100, 101, 102, 103, 104, 105, 106, 107, 108, 109, 110, 111, 112, 113, 114, 115, 116, 117, 118, 119, 120, 121, 122, 123, 124, 125, 126, 127, 128, 129, 130, 131, 132, 133, 134, 135, 136, 137, 138, 139, 140, 141, 142, 143, 144, 145, 146, 147, 148, 149, 150, 151, 152, 153, 154, 155, 156, 157, 158, 159, 160, 161, 162, 163, 164, 165, 166, 167, 168, 169, 170, 171, 172, 173, 174, 175, 176, 177, 178, 179, 180, 181, 182, 183, 184, 185, 186, 187, 188, 189, 190, 191, 192, 193, 194, 195, 196, 197, 198, 199, 200] Quantidade:  201 

Recursos - R [1, 2, 3, 4, 5, 6, 7, 8, 9, 10, 11, 12, 13, 14, 15, 16, 17] Quantidade:  17 

Períodos - T [0, 1, 2, 3, 4, 5, 6, 7, 8, 9, 10, 11, 12, 13, 14, 15, 16, 17, 18, 19, 20, 21, 22, 23, 24, 25, 26, 27, 28, 29, 30, 31, 32, 33, 34, 35, 36, 37, 38, 39, 40, 41, 42, 43, 44, 45, 46, 47, 48, 49, 50, 51, 52, 53, 54, 55, 56, 57, 58, 59, 60, 61, 62, 63, 64, 65, 66, 67, 68, 69, 70, 71, 72, 73, 74, 75, 76, 77] Quantidade:  78 

Linhas - L [1, 2, 3, 4, 5, 6] Quantidade:  6 

Demanda - d [47149, 38, 1580, 26499, 0, 83, 960, 0, 431, 560, 58481, 1202, 805, 30, 0, 31341, 0, 600, 573, 5089, 0, 38184, 867, 545, 2901, 2947, 0, 2942, 0, 1797, 2719, 1384, 604, 0, 356, 1317, 67, 210, 2, 0, 1999, 3981, 0, 0, 0, 0, 0, 0, 0, 0, 0, 649, 9, 0, 240, 0, 0, 0, 599, 133679, 1384, 71568, 0, 29760, 4722, 0, 66029, 0, 0, 40440, 0, 1013, 720, 630, 0, 240, 240, 0, 1236, 2195, 648, 240, 0, 0, 0, 960, 5656, 6320, 0, 0, 12488, 5495, 0, 12286, 5794, 2713, 9, 1333, 2622, 60, 0, 0, 650, 960, 2405, 887, 3132, 1074, 4566, 1584, 2083, 1357, 3938, 997, 3882, 510, 560, 1459, 480, 240, 8, 240, 120, 1680, 1977, 2780, 5620, 0, 0, 0, 0, 0, 0, 0, 0, 10, 0, 0, 10, 0, 0, 0, 0, 1070, 0, 210, 0, 34, 998, 373, 0, 0, 0, 17, 23, 0, 28228, 0, 0, 0, 201, 0, 0, 480, 240, 0, 2880, 0, 3600, 623, 0, 21753, 11880, 0, 0, 180, 9960, 0, 0, 0, 0, 0, 0, 11159, 5040, 0, 22415, 0, 0, 10462, 0, 0, 2495, 2593, 9118, 842, 10555, 720, 886, 0, 1971] Quantidade:  201 

Número de lotes necessários para atender a demanda (d/Q) d_num_lotes [196, 0, 6, 110, 0, 0, 4, 0, 1, 2, 243, 5, 3, 0, 0, 130, 0, 2, 2, 21, 0, 159, 3, 2, 12, 12, 0, 12, 0, 7, 11, 5, 2, 0, 1, 5, 0, 0, 0, 0, 8, 16, 0, 0, 0, 0, 0, 0, 0, 0, 0, 2, 0, 0, 1, 0, 0, 0, 2, 556, 5, 298, 0, 124, 19, 0, 275, 0, 0, 168, 0, 4, 3, 2, 0, 1, 1, 0, 5, 9, 2, 1, 0, 0, 0, 4, 23, 26, 0, 0, 52, 22, 0, 51, 24, 11, 0, 5, 10, 0, 0, 0, 2, 4, 10, 3, 13, 4, 19, 6, 8, 5, 16, 4, 16, 2, 2, 6, 2, 1, 0, 1, 0, 7, 8, 11, 23, 0, 0, 0, 0, 0, 0, 0, 0, 0, 0, 0, 0, 0, 0, 0, 0, 4, 0, 0, 0, 0, 4, 1, 0, 0, 0, 0, 0, 0, 117, 0, 0, 0, 0, 0, 0, 2, 1, 0, 12, 0, 15, 2, 0, 90, 49, 0, 0, 0, 41, 0, 0, 0, 0, 0, 0, 46, 21, 0, 93, 0, 0, 43, 0, 0, 10, 10, 37, 3, 43, 3, 3, 0, 8] Quantidade:  201 

Tamanho em unidades do lote com demanda residual (d mod Q) d_tam_residual [109, 38, 140, 99, 0, 83, 0, 0, 191, 80, 161, 2, 85, 30, 0, 141, 0, 120, 93, 49, 0, 24, 147, 65, 21, 67, 0, 62, 0, 117, 79, 184, 124, 0, 116, 117, 67, 210, 2, 0, 79, 141, 0, 0, 0, 0, 0, 0, 0, 0, 0, 169, 9, 0, 0, 0, 0, 0, 119, 239, 184, 48, 0, 0, 162, 0, 29, 0, 0, 120, 0, 53, 0, 150, 0, 0, 0, 0, 36, 35, 168, 0, 0, 0, 0, 0, 136, 80, 0, 0, 8, 215, 0, 46, 34, 73, 9, 133, 222, 60, 0, 0, 170, 0, 5, 167, 12, 114, 6, 144, 163, 157, 98, 37, 42, 30, 80, 19, 0, 0, 8, 0, 120, 0, 57, 140, 100, 0, 0, 0, 0, 0, 0, 0, 0, 10, 0, 0, 10, 0, 0, 0, 0, 110, 0, 210, 0, 34, 38, 133, 0, 0, 0, 17, 23, 0, 148, 0, 0, 0, 201, 0, 0, 0, 0, 0, 0, 0, 0, 143, 0, 153, 120, 0, 0, 180, 120, 0, 0, 0, 0, 0, 0, 119, 0, 0, 95, 0, 0, 142, 0, 0, 95, 193, 238, 122, 235, 0, 166, 0, 51] Quantidade:  201 

Linhas por item - Li [[2], [2], [2], [2], [2], [2], [2], [2], [2], [2], [2, 3], [2], [2], [2], [2], [2], [2], [2], [1], [1], [1], [1, 2], [1], [1], [1], [1], [1], [1], [1], [1], [1], [1], [1], [1], [1], [1], [1], [1], [1], [1], [1], [1], [1], [1], [1], [1], [1], [1], [1], [1], [1], [1], [1], [1], [1], [1], [1], [1], [1], [1, 2, 3], [1], [1, 2, 3], [1], [1, 2, 3], [1, 2, 3], [1, 2, 3], [1, 3], [1], [1], [1, 3], [1], [4], [4], [4], [4], [4], [4], [4], [4], [4], [4], [4], [4], [4], [4], [4], [4], [4], [4], [4], [4], [4], [4], [4], [4], [4], [4], [4], [4], [4], [4], [4], [4], [4], [4], [4], [4], [4], [4], [4], [4], [4], [4], [4], [4], [4], [4], [4], [4], [4], [4], [4], [4], [4], [4], [4], [4], [4], [4], [4], [4], [4], [4], [4], [4], [4], [4], [4], [4], [4], [4], [4], [4], [4], [4], [4], [4], [4], [4], [4], [5], [5], [5], [5], [5], [5], [5], [5], [5], [5], [5], [5], [5], [5], [5], [5], [5], [5], [5], [5], [5], [5], [5], [5], [5], [5], [5], [5], [5], [5], [5], [5], [5], [5], [5], [5], [5], [5], [5], [5], [5], [5], [6], [6], [6], [6], [6], [6], [6], [6], [6]] Quantidade:  201 

Itens por recurso - Pr [[0, 1, 2, 3, 4, 5, 6, 7], [8, 9, 10, 11, 12, 13, 14, 15, 16, 17], [18, 19, 20, 21, 22, 23, 24], [25, 26, 27, 28, 29, 30, 31, 32, 33, 34, 35, 36, 37, 38, 39, 40, 41, 42, 43, 44, 45, 46, 47, 48, 49, 50, 51, 52, 53, 54, 55, 56, 57, 58], [59, 60, 61, 62, 63, 64, 65], [66, 67, 68, 69, 70], [71, 72, 73, 74, 75, 76, 77, 78, 79, 80, 81, 82, 83, 84], [85], [86, 87, 88, 89, 90, 91, 92, 93], [94, 95, 96, 97, 98, 99, 100, 101, 102], [103, 104, 105, 106], [107, 108, 109, 110, 111, 112], [113, 114, 115, 116, 117, 118, 119, 120, 121, 122, 123, 124, 125], [126], [127, 128, 129, 130, 131, 132, 133, 134, 135, 136, 137, 138, 139, 140, 141, 142, 143, 144, 145, 146, 147, 148, 149], [150, 151, 152, 153, 154, 155, 156, 157, 158, 159, 160, 161, 162, 163, 164, 165, 166, 167, 168, 169, 170, 171, 172, 173, 174, 175, 176, 177, 178, 179, 180, 181, 182, 183, 184, 185, 186, 187, 188, 189, 190, 191], [192, 193, 194, 195, 196, 197, 198, 199, 200]] Quantidade:  17 

Capacidade por recurso - Cr [91571, 112140, 57791, 26186, 289336, 127763, 8594, 1152, 50694, 15817, 8861, 17522, 17920, 6744, 3246, 154969, 35016] Quantidade:  17 

Capacidade diaria do recurso - Cd [1681, 1921, 1921, 1681, 4801, 3601, 961, 961, 1200, 961, 941, 941, 961, 241, 241, 4801, 961] Quantidade:  17 

Capacidade da linha em cada Período - Ch [[0, 0, 0, 0, 0, 0, 0, 0, 0, 0, 0, 0, 0, 0, 0, 0, 0, 0, 0, 0, 0, 0, 0, 0, 0, 0, 0, 0, 0, 0, 0, 0, 0, 0, 0, 0, 0, 0, 0, 0, 0, 0, 0, 0, 0, 0, 0, 0, 0, 0, 0, 0, 0, 0, 0, 0, 0, 0, 0, 0, 0, 0, 0, 0, 0, 0, 0, 0, 0, 0, 0, 0, 0, 0, 0, 0, 0, 0], [0, 30960, 30960, 30960, 30960, 30960, 30960, 30960, 30960, 30960, 30960, 30960, 30960, 30960, 30960, 30960, 30960, 30960, 30960, 30960, 30960, 30960, 30960, 30960, 30960, 30960, 30960, 30960, 30960, 30960, 30960, 30960, 30960, 30960, 30960, 30960, 30960, 30960, 30960, 30960, 30960, 30960, 30960, 30960, 30960, 30960, 30960, 30960, 30960, 30960, 30960, 30960, 30960, 30960, 30960, 30960, 30960, 30960, 30960, 30960, 23040, 30240, 30240, 30240, 30240, 30240, 30240, 30240, 30240, 30240, 30240, 30240, 30240, 30240, 30240, 30240, 30240, 30240], [0, 61920, 61920, 61920, 61920, 61920, 61920, 61920, 61920, 61920, 61920, 61920, 61920, 61920, 61920, 61920, 61920, 61920, 47232, 47232, 47232, 47232, 47232, 47232, 47232, 47232, 47232, 47232, 47232, 47232, 47232, 47232, 47232, 47232, 47232, 47232, 47232, 47232, 47232, 47232, 12672, 61920, 47232, 61920, 47232, 61920, 47232, 61920, 47232, 47232, 30960, 61920, 47232, 47232, 47232, 30960, 61920, 47232, 47232, 47232, 50256, 57456, 57456, 57456, 57456, 57456, 44237, 44237, 44237, 44237, 30240, 44237, 44237, 44237, 44237, 44237, 44237, 30240], [0, 61920, 61920, 61920, 61920, 61920, 61920, 61920, 61920, 61920, 61920, 61920, 61920, 61920, 61920, 61920, 61920, 61920, 61920, 61920, 61920, 61920, 61920, 61920, 61920, 61920, 61920, 61920, 61920, 61920, 61920, 61920, 61920, 61920, 61920, 61920, 61920, 61920, 61920, 61920, 12672, 61920, 61920, 61920, 61920, 61920, 61920, 61920, 61920, 61920, 61920, 61920, 61920, 61920, 61920, 61920, 61920, 61920, 61920, 61920, 53280, 60480, 60480, 60480, 60480, 60480, 60480, 60480, 60480, 60480, 60480, 60480, 60480, 60480, 60480, 60480, 60480, 47916], [0, 45648, 45648, 45648, 45648, 45648, 45648, 45648, 45648, 45648, 45648, 45648, 45648, 45648, 45648, 45648, 45648, 45648, 45648, 45648, 45648, 45648, 45648, 45648, 45648, 45648, 45648, 45648, 45648, 45648, 45648, 45648, 45648, 45648, 45648, 45648, 45648, 45648, 45648, 45648, 30960, 45648, 30960, 45648, 30960, 45648, 30960, 45648, 45648, 30960, 30960, 45648, 45648, 45648, 30960, 30960, 45648, 45648, 45648, 45648, 23040, 26640, 26640, 26640, 26640, 30240, 30240, 37728, 23040, 44928, 44928, 30240, 44928, 44928, 44928, 44928, 30240, 30240], [0, 45648, 45648, 45648, 45648, 45648, 45648, 45648, 45648, 45648, 45648, 45648, 45648, 45648, 45648, 45648, 45648, 45648, 30960, 30960, 30960, 30960, 30960, 30960, 30960, 30960, 30960, 30960, 30960, 30960, 30960, 30960, 309600, 309600, 309600, 309600, 309600, 309600, 309600, 309600, 30960, 30960, 30960, 30960, 30960, 30960, 30960, 30960, 23760, 61920, 30960, 30960, 30960, 30960, 61920, 30960, 30960, 30960, 30960, 30960, 23040, 30240, 30240, 30240, 30240, 30240, 44194, 30240, 44194, 30240, 44194, 44194, 30240, 30240, 30240, 30240, 30240, 30240], [0, 30960, 30960, 30960, 30960, 30960, 30960, 30960, 30960, 30960, 30960, 30960, 30960, 30960, 30960, 30960, 30960, 30960, 30960, 30960, 30960, 30960, 30960, 30960, 30960, 30960, 30960, 30960, 30960, 30960, 30960, 30960, 30960, 30960, 30960, 30960, 309600, 309600, 309600, 309600, 309600, 309600, 309600, 309600, 309600, 309600, 309600, 309600, 237600, 30960, 30960, 30960, 30960, 30960, 30960, 30960, 30960, 30960, 30960, 30960, 23040, 30240, 30240, 30240, 30240, 30240, 30240, 30240, 30240, 30240, 30240, 30240, 30240, 30240, 30240, 30240, 30240, 30240]] Quantidade:  7 por 78 

Tempo de processamento para cada Modelo em cada linha - p {0: {2: 15.79}, 1: {2: 15.79}, 2: {2: 15.79}, 3: {2: 15.79}, 4: {2: 15.79}, 5: {2: 16.0}, 6: {2: 16.0}, 7: {2: 15.79}, 8: {2: 26.67}, 9: {2: 26.67}, 10: {2: 15.79, 3: 17.65}, 11: {2: 26.67}, 12: {2: 26.67}, 13: {2: 26.67}, 14: {2: 26.67}, 15: {2: 15.79}, 16: {2: 26.67}, 17: {2: 26.67}, 18: {1: 21.82}, 19: {1: 21.82}, 20: {1: 21.82}, 21: {1: 18.95, 2: 18.0}, 22: {1: 21.82}, 23: {1: 21.82}, 24: {1: 21.82}, 25: {1: 21.82}, 26: {1: 21.82}, 27: {1: 21.82}, 28: {1: 21.82}, 29: {1: 20.45}, 30: {1: 20.45}, 31: {1: 21.82}, 32: {1: 21.82}, 33: {1: 21.82}, 34: {1: 21.82}, 35: {1: 21.82}, 36: {1: 21.82}, 37: {1: 21.82}, 38: {1: 21.82}, 39: {1: 21.82}, 40: {1: 21.82}, 41: {1: 21.82}, 42: {1: 21.82}, 43: {1: 21.82}, 44: {1: 32.73}, 45: {1: 32.73}, 46: {1: 32.73}, 47: {1: 32.73}, 48: {1: 32.73}, 49: {1: 36.0}, 50: {1: 21.82}, 51: {1: 21.82}, 52: {1: 21.82}, 53: {1: 21.82}, 54: {1: 21.82}, 55: {1: 21.82}, 56: {1: 21.82}, 57: {1: 21.82}, 58: {1: 21.82}, 59: {1: 17.91, 2: 17.56, 3: 17.14}, 60: {1: 21.82}, 61: {1: 18.0, 2: 17.56, 3: 17.14}, 62: {1: 17.14}, 63: {1: 18.0, 2: 17.56, 3: 17.06}, 64: {1: 18.0, 2: 18.0, 3: 17.14}, 65: {1: 18.0, 2: 17.56, 3: 17.65}, 66: {1: 18.0, 3: 17.14}, 67: {1: 21.18}, 68: {1: 18.0}, 69: {1: 18.0, 3: 17.14}, 70: {1: 17.14}, 71: {4: 23.23}, 72: {4: 23.23}, 73: {4: 23.23}, 74: {4: 23.23}, 75: {4: 23.23}, 76: {4: 23.23}, 77: {4: 23.23}, 78: {4: 23.23}, 79: {4: 23.23}, 80: {4: 23.23}, 81: {4: 23.23}, 82: {4: 23.23}, 83: {4: 23.23}, 84: {4: 23.23}, 85: {4: 26.67}, 86: {4: 23.23}, 87: {4: 23.23}, 88: {4: 23.23}, 89: {4: 23.23}, 90: {4: 23.23}, 91: {4: 23.23}, 92: {4: 23.23}, 93: {4: 23.23}, 94: {4: 26.67}, 95: {4: 30.0}, 96: {4: 26.67}, 97: {4: 30.0}, 98: {4: 25.71}, 99: {4: 26.67}, 100: {4: 26.67}, 101: {4: 26.67}, 102: {4: 26.67}, 103: {4: 24.83}, 104: {4: 24.83}, 105: {4: 24.83}, 106: {4: 24.83}, 107: {4: 26.67}, 108: {4: 26.67}, 109: {4: 23.23}, 110: {4: 23.23}, 111: {4: 26.67}, 112: {4: 26.67}, 113: {4: 30.0}, 114: {4: 30.0}, 115: {4: 30.0}, 116: {4: 30.0}, 117: {4: 30.0}, 118: {4: 30.0}, 119: {4: 30.0}, 120: {4: 30.0}, 121: {4: 30.0}, 122: {4: 30.0}, 123: {4: 30.0}, 124: {4: 30.0}, 125: {4: 30.0}, 126: {4: 36.0}, 127: {4: 37.89}, 128: {4: 37.89}, 129: {4: 37.89}, 130: {4: 37.89}, 131: {4: 37.89}, 132: {4: 37.89}, 133: {4: 37.89}, 134: {4: 37.89}, 135: {4: 37.89}, 136: {4: 37.89}, 137: {4: 37.89}, 138: {4: 37.89}, 139: {4: 37.89}, 140: {4: 37.89}, 141: {4: 37.89}, 142: {4: 37.89}, 143: {4: 37.89}, 144: {4: 37.89}, 145: {4: 37.89}, 146: {4: 37.89}, 147: {4: 37.89}, 148: {4: 36.0}, 149: {4: 36.0}, 150: {5: 18.0}, 151: {5: 18.0}, 152: {5: 21.18}, 153: {5: 21.18}, 154: {5: 21.18}, 155: {5: 18.0}, 156: {5: 18.0}, 157: {5: 21.18}, 158: {5: 18.0}, 159: {5: 18.0}, 160: {5: 26.67}, 161: {5: 18.0}, 162: {5: 18.0}, 163: {5: 18.0}, 164: {5: 18.0}, 165: {5: 21.18}, 166: {5: 21.18}, 167: {5: 21.18}, 168: {5: 18.0}, 169: {5: 18.0}, 170: {5: 18.0}, 171: {5: 18.0}, 172: {5: 18.0}, 173: {5: 18.0}, 174: {5: 18.0}, 175: {5: 18.0}, 176: {5: 18.0}, 177: {5: 21.18}, 178: {5: 18.0}, 179: {5: 18.0}, 180: {5: 21.18}, 181: {5: 21.18}, 182: {5: 18.0}, 183: {5: 18.0}, 184: {5: 18.0}, 185: {5: 18.0}, 186: {5: 21.18}, 187: {5: 21.18}, 188: {5: 21.18}, 189: {5: 21.18}, 190: {5: 21.18}, 191: {5: 21.18}, 192: {6: 65.45}, 193: {6: 65.45}, 194: {6: 72.0}, 195: {6: 72.0}, 196: {6: 72.0}, 197: {6: 72.0}, 198: {6: 65.45}, 199: {6: 72.0}, 200: {6: 72.0}} 

Version identifier: 22.1.1.0 | 2022-11-28 | 9160aff4d
CPXPARAM_Read_DataCheck                          1
Tried aggregator 2 times.
MIP Presolve eliminated 362796 rows and 260940 columns.
MIP Presolve modified 32948 coefficients.
Aggregator did 75316 substitutions.
Reduced MIP has 31457 rows, 36860 columns, and 178302 nonzeros.
Reduced MIP has 19210 binaries, 17650 generals, 0 SOSs, and 0 indicators.
Presolve time = 0.91 sec. (672.03 ticks)
Probing time = 0.15 sec. (14.89 ticks)
Tried aggregator 1 time.
Detecting symmetries...
Reduced MIP has 31457 rows, 36860 columns, and 178302 nonzeros.
Reduced MIP has 19210 binaries, 17650 generals, 0 SOSs, and 0 indicators.
Presolve time = 0.19 sec. (117.60 ticks)
Probing time = 0.11 sec. (12.78 ticks)
Clique table members: 116945.
MIP emphasis: balance optimality and feasibility.
MIP search method: dynamic search.
Parallel mode: deterministic, using up to 8 threads.
Root relaxation solution time = 1.00 sec. (128.22 ticks)

        Nodes                                         Cuts/
   Node  Left     Objective  IInf  Best Integer    Best Bound    ItCnt     Gap

      0     0   1.74517e+07   620                 1.74517e+07     1904         
      0     0   1.74517e+07   860                   Cuts: 649     4018         
